Some((
    red: 0.0627451,
    green: 0.0627451,
    blue: 0.0627451,
))
