Some((
    red: 0.49019608,
    green: 0.68235296,
    blue: 0.6392157,
))
