Some((
    red: 0.3529412,
    green: 0.32156864,
    blue: 0.29803923,
))
