Some((
    red: 0.9192808,
    green: 0.83137846,
    blue: 0.6798736,
))
